0.297 0.828 0.136 0.860 0.545 0.401 0.895 0.148 0.513 0.126 4.749
0.557 0.245 0.605 0.884 0.799 0.462 0.666 0.721 0.496 0.523 5.958
0.221 0.396 0.214 0.681 0.482 0.459 0.808 0.522 0.427 0.316 4.526
0.158 0.435 0.122 0.000 0.503 0.872 0.188 0.638 0.500 0.721 4.137
0.216 0.167 0.420 0.737 0.254 0.714 0.333 0.274 0.114 0.419 3.648
0.405 0.627 0.158 0.223 0.114 0.192 0.621 0.422 0.357 0.546 3.665
0.894 0.767 0.659 0.834 0.133 0.157 0.479 0.380 0.849 0.492 5.644
0.532 0.815 0.457 0.801 0.303 0.320 0.363 0.000 0.277 0.637 4.505
0.215 0.176 0.795 0.290 0.409 0.557 0.521 0.162 0.000 0.860 3.985
0.749 0.327 0.522 0.372 0.544 0.879 0.350 0.635 0.361 0.719 5.458
